v1	V(vout)
Step Information: Run=1  (Run: 1/20)
0.000000000000000e+000	-2.905441e-007
1.000000000000000e-003	1.332059e-001
2.000000000000000e-003	2.664120e-001
3.000000000000000e-003	3.996182e-001
4.000000000000000e-003	5.328244e-001
5.000000000000000e-003	6.660306e-001
6.000000000000000e-003	7.992368e-001
7.000000000000000e-003	9.324430e-001
8.000000000000000e-003	1.065649e+000
9.000000000000001e-003	1.198855e+000
1.000000000000000e-002	1.332062e+000
1.100000000000000e-002	1.465268e+000
1.200000000000000e-002	1.598474e+000
1.300000000000001e-002	1.731680e+000
1.400000000000001e-002	1.864886e+000
1.500000000000001e-002	1.998092e+000
1.600000000000001e-002	2.131298e+000
1.700000000000001e-002	2.264504e+000
1.800000000000001e-002	2.397705e+000
1.900000000000001e-002	2.530881e+000
2.000000000000001e-002	2.663924e+000
2.100000000000001e-002	2.796235e+000
2.200000000000001e-002	2.924809e+000
2.300000000000001e-002	3.038996e+000
2.400000000000001e-002	3.124253e+000
2.500000000000002e-002	3.182007e+000
2.600000000000002e-002	3.222663e+000
2.700000000000002e-002	3.253526e+000
2.800000000000002e-002	3.263964e+000
2.900000000000002e-002	3.264053e+000
3.000000000000002e-002	3.264097e+000
3.100000000000002e-002	3.264127e+000
3.200000000000002e-002	3.264149e+000
3.300000000000002e-002	3.264167e+000
3.400000000000002e-002	3.264182e+000
3.500000000000002e-002	3.264195e+000
3.600000000000003e-002	3.264206e+000
3.700000000000003e-002	3.264216e+000
3.800000000000003e-002	3.264225e+000
3.900000000000003e-002	3.264234e+000
4.000000000000003e-002	3.264241e+000
4.100000000000003e-002	3.264248e+000
4.200000000000003e-002	3.264255e+000
4.300000000000003e-002	3.264261e+000
4.400000000000003e-002	3.264267e+000
4.500000000000003e-002	3.264272e+000
4.600000000000003e-002	3.264277e+000
4.700000000000004e-002	3.264282e+000
4.800000000000004e-002	3.264286e+000
4.900000000000004e-002	3.264291e+000
5.000000000000000e-002	3.264295e+000
Step Information: Run=2  (Run: 2/20)
0.000000000000000e+000	1.476108e-007
1.000000000000000e-003	1.308881e-001
2.000000000000000e-003	2.617762e-001
3.000000000000000e-003	3.926642e-001
4.000000000000000e-003	5.235522e-001
5.000000000000000e-003	6.544403e-001
6.000000000000000e-003	7.853283e-001
7.000000000000000e-003	9.162163e-001
8.000000000000000e-003	1.047104e+000
9.000000000000001e-003	1.177992e+000
1.000000000000000e-002	1.308880e+000
1.100000000000000e-002	1.439768e+000
1.200000000000000e-002	1.570656e+000
1.300000000000001e-002	1.701545e+000
1.400000000000001e-002	1.832433e+000
1.500000000000001e-002	1.963320e+000
1.600000000000001e-002	2.094208e+000
1.700000000000001e-002	2.225096e+000
1.800000000000001e-002	2.355981e+000
1.900000000000001e-002	2.486852e+000
2.000000000000001e-002	2.617651e+000
2.100000000000001e-002	2.748059e+000
2.200000000000001e-002	2.876454e+000
2.300000000000001e-002	2.996083e+000
2.400000000000001e-002	3.092415e+000
2.500000000000002e-002	3.159429e+000
2.600000000000002e-002	3.205630e+000
2.700000000000002e-002	3.239742e+000
2.800000000000002e-002	3.263811e+000
2.900000000000002e-002	3.264018e+000
3.000000000000002e-002	3.264077e+000
3.100000000000002e-002	3.264112e+000
3.200000000000002e-002	3.264138e+000
3.300000000000002e-002	3.264158e+000
3.400000000000002e-002	3.264174e+000
3.500000000000002e-002	3.264188e+000
3.600000000000003e-002	3.264200e+000
3.700000000000003e-002	3.264211e+000
3.800000000000003e-002	3.264220e+000
3.900000000000003e-002	3.264229e+000
4.000000000000003e-002	3.264237e+000
4.100000000000003e-002	3.264244e+000
4.200000000000003e-002	3.264251e+000
4.300000000000003e-002	3.264257e+000
4.400000000000003e-002	3.264263e+000
4.500000000000003e-002	3.264268e+000
4.600000000000003e-002	3.264273e+000
4.700000000000004e-002	3.264278e+000
4.800000000000004e-002	3.264283e+000
4.900000000000004e-002	3.264287e+000
5.000000000000000e-002	3.264292e+000
Step Information: Run=3  (Run: 3/20)
0.000000000000000e+000	2.887353e-008
1.000000000000000e-003	1.318126e-001
2.000000000000000e-003	2.636252e-001
3.000000000000000e-003	3.954378e-001
4.000000000000000e-003	5.272504e-001
5.000000000000000e-003	6.590630e-001
6.000000000000000e-003	7.908756e-001
7.000000000000000e-003	9.226882e-001
8.000000000000000e-003	1.054501e+000
9.000000000000001e-003	1.186313e+000
1.000000000000000e-002	1.318126e+000
1.100000000000000e-002	1.449939e+000
1.200000000000000e-002	1.581751e+000
1.300000000000001e-002	1.713564e+000
1.400000000000001e-002	1.845376e+000
1.500000000000001e-002	1.977189e+000
1.600000000000001e-002	2.109001e+000
1.700000000000001e-002	2.240813e+000
1.800000000000001e-002	2.372622e+000
1.900000000000001e-002	2.504414e+000
2.000000000000001e-002	2.636111e+000
2.100000000000001e-002	2.767301e+000
2.200000000000001e-002	2.895882e+000
2.300000000000001e-002	3.013579e+000
2.400000000000001e-002	3.105386e+000
2.500000000000002e-002	3.168334e+000
2.600000000000002e-002	3.212041e+000
2.700000000000002e-002	3.244681e+000
2.800000000000002e-002	3.263892e+000
2.900000000000002e-002	3.264031e+000
3.000000000000002e-002	3.264084e+000
3.100000000000002e-002	3.264117e+000
3.200000000000002e-002	3.264142e+000
3.300000000000002e-002	3.264161e+000
3.400000000000002e-002	3.264177e+000
3.500000000000002e-002	3.264190e+000
3.600000000000003e-002	3.264202e+000
3.700000000000003e-002	3.264213e+000
3.800000000000003e-002	3.264222e+000
3.900000000000003e-002	3.264230e+000
4.000000000000003e-002	3.264238e+000
4.100000000000003e-002	3.264245e+000
4.200000000000003e-002	3.264252e+000
4.300000000000003e-002	3.264258e+000
4.400000000000003e-002	3.264264e+000
4.500000000000003e-002	3.264269e+000
4.600000000000003e-002	3.264275e+000
4.700000000000004e-002	3.264279e+000
4.800000000000004e-002	3.264284e+000
4.900000000000004e-002	3.264288e+000
5.000000000000000e-002	3.264293e+000
Step Information: Run=4  (Run: 4/20)
0.000000000000000e+000	7.293405e-008
1.000000000000000e-003	1.307215e-001
2.000000000000000e-003	2.614430e-001
3.000000000000000e-003	3.921645e-001
4.000000000000000e-003	5.228860e-001
5.000000000000000e-003	6.536075e-001
6.000000000000000e-003	7.843290e-001
7.000000000000000e-003	9.150504e-001
8.000000000000000e-003	1.045772e+000
9.000000000000001e-003	1.176493e+000
1.000000000000000e-002	1.307215e+000
1.100000000000000e-002	1.437936e+000
1.200000000000000e-002	1.568658e+000
1.300000000000001e-002	1.699379e+000
1.400000000000001e-002	1.830101e+000
1.500000000000001e-002	1.960822e+000
1.600000000000001e-002	2.091544e+000
1.700000000000001e-002	2.222265e+000
1.800000000000001e-002	2.352983e+000
1.900000000000001e-002	2.483689e+000
2.000000000000001e-002	2.614324e+000
2.100000000000001e-002	2.744586e+000
2.200000000000001e-002	2.872923e+000
2.300000000000001e-002	2.992824e+000
2.400000000000001e-002	3.089895e+000
2.500000000000002e-002	3.157621e+000
2.600000000000002e-002	3.204265e+000
2.700000000000002e-002	3.238633e+000
2.800000000000002e-002	3.263774e+000
2.900000000000002e-002	3.264015e+000
3.000000000000002e-002	3.264075e+000
3.100000000000002e-002	3.264111e+000
3.200000000000002e-002	3.264137e+000
3.300000000000002e-002	3.264157e+000
3.400000000000002e-002	3.264173e+000
3.500000000000002e-002	3.264187e+000
3.600000000000003e-002	3.264199e+000
3.700000000000003e-002	3.264210e+000
3.800000000000003e-002	3.264220e+000
3.900000000000003e-002	3.264228e+000
4.000000000000003e-002	3.264236e+000
4.100000000000003e-002	3.264243e+000
4.200000000000003e-002	3.264250e+000
4.300000000000003e-002	3.264256e+000
4.400000000000003e-002	3.264262e+000
4.500000000000003e-002	3.264268e+000
4.600000000000003e-002	3.264273e+000
4.700000000000004e-002	3.264278e+000
4.800000000000004e-002	3.264282e+000
4.900000000000004e-002	3.264287e+000
5.000000000000000e-002	3.264291e+000
Step Information: Run=5  (Run: 5/20)
0.000000000000000e+000	-1.480790e-007
1.000000000000000e-003	1.330618e-001
2.000000000000000e-003	2.661237e-001
3.000000000000000e-003	3.991857e-001
4.000000000000000e-003	5.322477e-001
5.000000000000000e-003	6.653096e-001
6.000000000000000e-003	7.983716e-001
7.000000000000000e-003	9.314335e-001
8.000000000000000e-003	1.064495e+000
9.000000000000001e-003	1.197557e+000
1.000000000000000e-002	1.330619e+000
1.100000000000000e-002	1.463681e+000
1.200000000000000e-002	1.596743e+000
1.300000000000001e-002	1.729805e+000
1.400000000000001e-002	1.862867e+000
1.500000000000001e-002	1.995929e+000
1.600000000000001e-002	2.128991e+000
1.700000000000001e-002	2.262052e+000
1.800000000000001e-002	2.395109e+000
1.900000000000001e-002	2.528142e+000
2.000000000000001e-002	2.661048e+000
2.100000000000001e-002	2.793254e+000
2.200000000000001e-002	2.921880e+000
2.300000000000001e-002	3.036572e+000
2.400000000000001e-002	3.122648e+000
2.500000000000002e-002	3.181020e+000
2.600000000000002e-002	3.222044e+000
2.700000000000002e-002	3.253133e+000
2.800000000000002e-002	3.263962e+000
2.900000000000002e-002	3.264052e+000
3.000000000000002e-002	3.264097e+000
3.100000000000002e-002	3.264126e+000
3.200000000000002e-002	3.264149e+000
3.300000000000002e-002	3.264167e+000
3.400000000000002e-002	3.264182e+000
3.500000000000002e-002	3.264195e+000
3.600000000000003e-002	3.264206e+000
3.700000000000003e-002	3.264216e+000
3.800000000000003e-002	3.264225e+000
3.900000000000003e-002	3.264234e+000
4.000000000000003e-002	3.264241e+000
4.100000000000003e-002	3.264248e+000
4.200000000000003e-002	3.264255e+000
4.300000000000003e-002	3.264261e+000
4.400000000000003e-002	3.264266e+000
4.500000000000003e-002	3.264272e+000
4.600000000000003e-002	3.264277e+000
4.700000000000004e-002	3.264282e+000
4.800000000000004e-002	3.264286e+000
4.900000000000004e-002	3.264290e+000
5.000000000000000e-002	3.264295e+000
Step Information: Run=6  (Run: 6/20)
0.000000000000000e+000	4.182289e-008
1.000000000000000e-003	1.314822e-001
2.000000000000000e-003	2.629644e-001
3.000000000000000e-003	3.944466e-001
4.000000000000000e-003	5.259287e-001
5.000000000000000e-003	6.574109e-001
6.000000000000000e-003	7.888931e-001
7.000000000000000e-003	9.203753e-001
8.000000000000000e-003	1.051857e+000
9.000000000000001e-003	1.183340e+000
1.000000000000000e-002	1.314822e+000
1.100000000000000e-002	1.446304e+000
1.200000000000000e-002	1.577786e+000
1.300000000000001e-002	1.709268e+000
1.400000000000001e-002	1.840751e+000
1.500000000000001e-002	1.972233e+000
1.600000000000001e-002	2.103715e+000
1.700000000000001e-002	2.235196e+000
1.800000000000001e-002	2.366675e+000
1.900000000000001e-002	2.498138e+000
2.000000000000001e-002	2.629515e+000
2.100000000000001e-002	2.760431e+000
2.200000000000001e-002	2.888971e+000
2.300000000000001e-002	3.007435e+000
2.400000000000001e-002	3.100915e+000
2.500000000000002e-002	3.165315e+000
2.600000000000002e-002	3.209905e+000
2.700000000000002e-002	3.243069e+000
2.800000000000002e-002	3.263873e+000
2.900000000000002e-002	3.264027e+000
3.000000000000002e-002	3.264082e+000
3.100000000000002e-002	3.264116e+000
3.200000000000002e-002	3.264141e+000
3.300000000000002e-002	3.264160e+000
3.400000000000002e-002	3.264176e+000
3.500000000000002e-002	3.264190e+000
3.600000000000003e-002	3.264202e+000
3.700000000000003e-002	3.264212e+000
3.800000000000003e-002	3.264222e+000
3.900000000000003e-002	3.264230e+000
4.000000000000003e-002	3.264238e+000
4.100000000000003e-002	3.264245e+000
4.200000000000003e-002	3.264252e+000
4.300000000000003e-002	3.264258e+000
4.400000000000003e-002	3.264264e+000
4.500000000000003e-002	3.264269e+000
4.600000000000003e-002	3.264275e+000
4.700000000000004e-002	3.264279e+000
4.800000000000004e-002	3.264284e+000
4.900000000000004e-002	3.264288e+000
5.000000000000000e-002	3.264293e+000
Step Information: Run=7  (Run: 7/20)
0.000000000000000e+000	6.359402e-008
1.000000000000000e-003	1.317410e-001
2.000000000000000e-003	2.634820e-001
3.000000000000000e-003	3.952230e-001
4.000000000000000e-003	5.269639e-001
5.000000000000000e-003	6.587049e-001
6.000000000000000e-003	7.904459e-001
7.000000000000000e-003	9.221869e-001
8.000000000000000e-003	1.053928e+000
9.000000000000001e-003	1.185669e+000
1.000000000000000e-002	1.317410e+000
1.100000000000000e-002	1.449151e+000
1.200000000000000e-002	1.580892e+000
1.300000000000001e-002	1.712633e+000
1.400000000000001e-002	1.844374e+000
1.500000000000001e-002	1.976115e+000
1.600000000000001e-002	2.107856e+000
1.700000000000001e-002	2.239596e+000
1.800000000000001e-002	2.371333e+000
1.900000000000001e-002	2.503053e+000
2.000000000000001e-002	2.634682e+000
2.100000000000001e-002	2.765814e+000
2.200000000000001e-002	2.894392e+000
2.300000000000001e-002	3.012275e+000
2.400000000000001e-002	3.104472e+000
2.500000000000002e-002	3.167755e+000
2.600000000000002e-002	3.211665e+000
2.700000000000002e-002	3.244428e+000
2.800000000000002e-002	3.263889e+000
2.900000000000002e-002	3.264030e+000
3.000000000000002e-002	3.264083e+000
3.100000000000002e-002	3.264117e+000
3.200000000000002e-002	3.264142e+000
3.300000000000002e-002	3.264161e+000
3.400000000000002e-002	3.264176e+000
3.500000000000002e-002	3.264190e+000
3.600000000000003e-002	3.264202e+000
3.700000000000003e-002	3.264212e+000
3.800000000000003e-002	3.264221e+000
3.900000000000003e-002	3.264230e+000
4.000000000000003e-002	3.264238e+000
4.100000000000003e-002	3.264245e+000
4.200000000000003e-002	3.264251e+000
4.300000000000003e-002	3.264258e+000
4.400000000000003e-002	3.264264e+000
4.500000000000003e-002	3.264269e+000
4.600000000000003e-002	3.264274e+000
4.700000000000004e-002	3.264279e+000
4.800000000000004e-002	3.264284e+000
4.900000000000004e-002	3.264288e+000
5.000000000000000e-002	3.264292e+000
Step Information: Run=8  (Run: 8/20)
0.000000000000000e+000	-1.354171e-007
1.000000000000000e-003	1.329655e-001
2.000000000000000e-003	2.659312e-001
3.000000000000000e-003	3.988969e-001
4.000000000000000e-003	5.318626e-001
5.000000000000000e-003	6.648282e-001
6.000000000000000e-003	7.977939e-001
7.000000000000000e-003	9.307595e-001
8.000000000000000e-003	1.063725e+000
9.000000000000001e-003	1.196691e+000
1.000000000000000e-002	1.329657e+000
1.100000000000000e-002	1.462622e+000
1.200000000000000e-002	1.595588e+000
1.300000000000001e-002	1.728554e+000
1.400000000000001e-002	1.861519e+000
1.500000000000001e-002	1.994485e+000
1.600000000000001e-002	2.127450e+000
1.700000000000001e-002	2.260415e+000
1.800000000000001e-002	2.393376e+000
1.900000000000001e-002	2.526314e+000
2.000000000000001e-002	2.659126e+000
2.100000000000001e-002	2.791252e+000
2.200000000000001e-002	2.919871e+000
2.300000000000001e-002	3.034750e+000
2.400000000000001e-002	3.121170e+000
2.500000000000002e-002	3.179798e+000
2.600000000000002e-002	3.220963e+000
2.700000000000002e-002	3.252125e+000
2.800000000000002e-002	3.263956e+000
2.900000000000002e-002	3.264050e+000
3.000000000000002e-002	3.264096e+000
3.100000000000002e-002	3.264126e+000
3.200000000000002e-002	3.264149e+000
3.300000000000002e-002	3.264167e+000
3.400000000000002e-002	3.264182e+000
3.500000000000002e-002	3.264195e+000
3.600000000000003e-002	3.264206e+000
3.700000000000003e-002	3.264216e+000
3.800000000000003e-002	3.264225e+000
3.900000000000003e-002	3.264234e+000
4.000000000000003e-002	3.264241e+000
4.100000000000003e-002	3.264248e+000
4.200000000000003e-002	3.264255e+000
4.300000000000003e-002	3.264261e+000
4.400000000000003e-002	3.264267e+000
4.500000000000003e-002	3.264272e+000
4.600000000000003e-002	3.264277e+000
4.700000000000004e-002	3.264282e+000
4.800000000000004e-002	3.264287e+000
4.900000000000004e-002	3.264291e+000
5.000000000000000e-002	3.264295e+000
Step Information: Run=9  (Run: 9/20)
0.000000000000000e+000	2.511439e-007
1.000000000000000e-003	1.303903e-001
2.000000000000000e-003	2.607803e-001
3.000000000000000e-003	3.911704e-001
4.000000000000000e-003	5.215604e-001
5.000000000000000e-003	6.519504e-001
6.000000000000000e-003	7.823405e-001
7.000000000000000e-003	9.127305e-001
8.000000000000000e-003	1.043121e+000
9.000000000000001e-003	1.173511e+000
1.000000000000000e-002	1.303901e+000
1.100000000000000e-002	1.434291e+000
1.200000000000000e-002	1.564681e+000
1.300000000000001e-002	1.695071e+000
1.400000000000001e-002	1.825461e+000
1.500000000000001e-002	1.955851e+000
1.600000000000001e-002	2.086241e+000
1.700000000000001e-002	2.216630e+000
1.800000000000001e-002	2.347018e+000
1.900000000000001e-002	2.477393e+000
2.000000000000001e-002	2.607704e+000
2.100000000000001e-002	2.737673e+000
2.200000000000001e-002	2.865882e+000
2.300000000000001e-002	2.986282e+000
2.400000000000001e-002	3.084803e+000
2.500000000000002e-002	3.153971e+000
2.600000000000002e-002	3.201521e+000
2.700000000000002e-002	3.236416e+000
2.800000000000002e-002	3.263576e+000
2.900000000000002e-002	3.264009e+000
3.000000000000002e-002	3.264072e+000
3.100000000000002e-002	3.264108e+000
3.200000000000002e-002	3.264135e+000
3.300000000000002e-002	3.264155e+000
3.400000000000002e-002	3.264172e+000
3.500000000000002e-002	3.264186e+000
3.600000000000003e-002	3.264198e+000
3.700000000000003e-002	3.264209e+000
3.800000000000003e-002	3.264219e+000
3.900000000000003e-002	3.264227e+000
4.000000000000003e-002	3.264235e+000
4.100000000000003e-002	3.264243e+000
4.200000000000003e-002	3.264250e+000
4.300000000000003e-002	3.264256e+000
4.400000000000003e-002	3.264262e+000
4.500000000000003e-002	3.264267e+000
4.600000000000003e-002	3.264273e+000
4.700000000000004e-002	3.264277e+000
4.800000000000004e-002	3.264282e+000
4.900000000000004e-002	3.264287e+000
5.000000000000000e-002	3.264291e+000
Step Information: Run=10  (Run: 10/20)
0.000000000000000e+000	2.739097e-007
1.000000000000000e-003	1.300252e-001
2.000000000000000e-003	2.600501e-001
3.000000000000000e-003	3.900751e-001
4.000000000000000e-003	5.201001e-001
5.000000000000000e-003	6.501250e-001
6.000000000000000e-003	7.801500e-001
7.000000000000000e-003	9.101749e-001
8.000000000000000e-003	1.040200e+000
9.000000000000001e-003	1.170225e+000
1.000000000000000e-002	1.300250e+000
1.100000000000000e-002	1.430275e+000
1.200000000000000e-002	1.560300e+000
1.300000000000001e-002	1.690325e+000
1.400000000000001e-002	1.820350e+000
1.500000000000001e-002	1.950374e+000
1.600000000000001e-002	2.080399e+000
1.700000000000001e-002	2.210424e+000
1.800000000000001e-002	2.340446e+000
1.900000000000001e-002	2.470458e+000
2.000000000000001e-002	2.600411e+000
2.100000000000001e-002	2.730055e+000
2.200000000000001e-002	2.858106e+000
2.300000000000001e-002	2.979012e+000
2.400000000000001e-002	3.079122e+000
2.500000000000002e-002	3.149945e+000
2.600000000000002e-002	3.198557e+000
2.700000000000002e-002	3.234070e+000
2.800000000000002e-002	3.262161e+000
2.900000000000002e-002	3.264001e+000
3.000000000000002e-002	3.264068e+000
3.100000000000002e-002	3.264106e+000
3.200000000000002e-002	3.264134e+000
3.300000000000002e-002	3.264154e+000
3.400000000000002e-002	3.264171e+000
3.500000000000002e-002	3.264185e+000
3.600000000000003e-002	3.264198e+000
3.700000000000003e-002	3.264209e+000
3.800000000000003e-002	3.264219e+000
3.900000000000003e-002	3.264227e+000
4.000000000000003e-002	3.264235e+000
4.100000000000003e-002	3.264243e+000
4.200000000000003e-002	3.264250e+000
4.300000000000003e-002	3.264256e+000
4.400000000000003e-002	3.264262e+000
4.500000000000003e-002	3.264267e+000
4.600000000000003e-002	3.264273e+000
4.700000000000004e-002	3.264277e+000
4.800000000000004e-002	3.264282e+000
4.900000000000004e-002	3.264287e+000
5.000000000000000e-002	3.264291e+000
Step Information: Run=11  (Run: 11/20)
0.000000000000000e+000	7.261635e-008
1.000000000000000e-003	1.314594e-001
2.000000000000000e-003	2.629187e-001
3.000000000000000e-003	3.943780e-001
4.000000000000000e-003	5.258373e-001
5.000000000000000e-003	6.572967e-001
6.000000000000000e-003	7.887560e-001
7.000000000000000e-003	9.202152e-001
8.000000000000000e-003	1.051675e+000
9.000000000000001e-003	1.183134e+000
1.000000000000000e-002	1.314593e+000
1.100000000000000e-002	1.446053e+000
1.200000000000000e-002	1.577512e+000
1.300000000000001e-002	1.708971e+000
1.400000000000001e-002	1.840430e+000
1.500000000000001e-002	1.971890e+000
1.600000000000001e-002	2.103349e+000
1.700000000000001e-002	2.234807e+000
1.800000000000001e-002	2.366263e+000
1.900000000000001e-002	2.497704e+000
2.000000000000001e-002	2.629059e+000
2.100000000000001e-002	2.759959e+000
2.200000000000001e-002	2.888509e+000
2.300000000000001e-002	3.007073e+000
2.400000000000001e-002	3.100761e+000
2.500000000000002e-002	3.165344e+000
2.600000000000002e-002	3.210052e+000
2.700000000000002e-002	3.243294e+000
2.800000000000002e-002	3.263877e+000
2.900000000000002e-002	3.264028e+000
3.000000000000002e-002	3.264082e+000
3.100000000000002e-002	3.264116e+000
3.200000000000002e-002	3.264141e+000
3.300000000000002e-002	3.264160e+000
3.400000000000002e-002	3.264176e+000
3.500000000000002e-002	3.264189e+000
3.600000000000003e-002	3.264201e+000
3.700000000000003e-002	3.264212e+000
3.800000000000003e-002	3.264221e+000
3.900000000000003e-002	3.264230e+000
4.000000000000003e-002	3.264238e+000
4.100000000000003e-002	3.264245e+000
4.200000000000003e-002	3.264251e+000
4.300000000000003e-002	3.264258e+000
4.400000000000003e-002	3.264264e+000
4.500000000000003e-002	3.264269e+000
4.600000000000003e-002	3.264274e+000
4.700000000000004e-002	3.264279e+000
4.800000000000004e-002	3.264284e+000
4.900000000000004e-002	3.264288e+000
5.000000000000000e-002	3.264292e+000
Step Information: Run=12  (Run: 12/20)
0.000000000000000e+000	-1.244754e-007
1.000000000000000e-003	1.327175e-001
2.000000000000000e-003	2.654352e-001
3.000000000000000e-003	3.981528e-001
4.000000000000000e-003	5.308705e-001
5.000000000000000e-003	6.635882e-001
6.000000000000000e-003	7.963058e-001
7.000000000000000e-003	9.290234e-001
8.000000000000000e-003	1.061741e+000
9.000000000000001e-003	1.194459e+000
1.000000000000000e-002	1.327176e+000
1.100000000000000e-002	1.459894e+000
1.200000000000000e-002	1.592612e+000
1.300000000000001e-002	1.725329e+000
1.400000000000001e-002	1.858047e+000
1.500000000000001e-002	1.990765e+000
1.600000000000001e-002	2.123482e+000
1.700000000000001e-002	2.256199e+000
1.800000000000001e-002	2.388912e+000
1.900000000000001e-002	2.521603e+000
2.000000000000001e-002	2.654177e+000
2.100000000000001e-002	2.786105e+000
2.200000000000001e-002	2.914736e+000
2.300000000000001e-002	3.030258e+000
2.400000000000001e-002	3.117810e+000
2.500000000000002e-002	3.177307e+000
2.600000000000002e-002	3.218974e+000
2.700000000000002e-002	3.250426e+000
2.800000000000002e-002	3.263944e+000
2.900000000000002e-002	3.264045e+000
3.000000000000002e-002	3.264093e+000
3.100000000000002e-002	3.264123e+000
3.200000000000002e-002	3.264147e+000
3.300000000000002e-002	3.264165e+000
3.400000000000002e-002	3.264180e+000
3.500000000000002e-002	3.264193e+000
3.600000000000003e-002	3.264205e+000
3.700000000000003e-002	3.264215e+000
3.800000000000003e-002	3.264224e+000
3.900000000000003e-002	3.264233e+000
4.000000000000003e-002	3.264240e+000
4.100000000000003e-002	3.264247e+000
4.200000000000003e-002	3.264254e+000
4.300000000000003e-002	3.264260e+000
4.400000000000003e-002	3.264266e+000
4.500000000000003e-002	3.264271e+000
4.600000000000003e-002	3.264276e+000
4.700000000000004e-002	3.264281e+000
4.800000000000004e-002	3.264285e+000
4.900000000000004e-002	3.264290e+000
5.000000000000000e-002	3.264294e+000
Step Information: Run=13  (Run: 13/20)
0.000000000000000e+000	2.080076e-008
1.000000000000000e-003	1.311049e-001
2.000000000000000e-003	2.622097e-001
3.000000000000000e-003	3.933146e-001
4.000000000000000e-003	5.244195e-001
5.000000000000000e-003	6.555243e-001
6.000000000000000e-003	7.866292e-001
7.000000000000000e-003	9.177340e-001
8.000000000000000e-003	1.048839e+000
9.000000000000001e-003	1.179944e+000
1.000000000000000e-002	1.311049e+000
1.100000000000000e-002	1.442153e+000
1.200000000000000e-002	1.573258e+000
1.300000000000001e-002	1.704363e+000
1.400000000000001e-002	1.835468e+000
1.500000000000001e-002	1.966573e+000
1.600000000000001e-002	2.097678e+000
1.700000000000001e-002	2.228782e+000
1.800000000000001e-002	2.359884e+000
1.900000000000001e-002	2.490971e+000
2.000000000000001e-002	2.621981e+000
2.100000000000001e-002	2.752577e+000
2.200000000000001e-002	2.881037e+000
2.300000000000001e-002	3.000278e+000
2.400000000000001e-002	3.095607e+000
2.500000000000002e-002	3.161679e+000
2.600000000000002e-002	3.207296e+000
2.700000000000002e-002	3.241068e+000
2.800000000000002e-002	3.263840e+000
2.900000000000002e-002	3.264022e+000
3.000000000000002e-002	3.264080e+000
3.100000000000002e-002	3.264114e+000
3.200000000000002e-002	3.264139e+000
3.300000000000002e-002	3.264159e+000
3.400000000000002e-002	3.264175e+000
3.500000000000002e-002	3.264189e+000
3.600000000000003e-002	3.264200e+000
3.700000000000003e-002	3.264211e+000
3.800000000000003e-002	3.264221e+000
3.900000000000003e-002	3.264229e+000
4.000000000000003e-002	3.264237e+000
4.100000000000003e-002	3.264244e+000
4.200000000000003e-002	3.264251e+000
4.300000000000003e-002	3.264257e+000
4.400000000000003e-002	3.264263e+000
4.500000000000003e-002	3.264269e+000
4.600000000000003e-002	3.264274e+000
4.700000000000004e-002	3.264279e+000
4.800000000000004e-002	3.264283e+000
4.900000000000004e-002	3.264288e+000
5.000000000000000e-002	3.264292e+000
Step Information: Run=14  (Run: 14/20)
0.000000000000000e+000	5.792043e-008
1.000000000000000e-003	1.315540e-001
2.000000000000000e-003	2.631080e-001
3.000000000000000e-003	3.946619e-001
4.000000000000000e-003	5.262159e-001
5.000000000000000e-003	6.577699e-001
6.000000000000000e-003	7.893239e-001
7.000000000000000e-003	9.208778e-001
8.000000000000000e-003	1.052432e+000
9.000000000000001e-003	1.183986e+000
1.000000000000000e-002	1.315540e+000
1.100000000000000e-002	1.447094e+000
1.200000000000000e-002	1.578648e+000
1.300000000000001e-002	1.710202e+000
1.400000000000001e-002	1.841756e+000
1.500000000000001e-002	1.973310e+000
1.600000000000001e-002	2.104863e+000
1.700000000000001e-002	2.236417e+000
1.800000000000001e-002	2.367967e+000
1.900000000000001e-002	2.499502e+000
2.000000000000001e-002	2.630950e+000
2.100000000000001e-002	2.761934e+000
2.200000000000001e-002	2.890526e+000
2.300000000000001e-002	3.008976e+000
2.400000000000001e-002	3.102361e+000
2.500000000000002e-002	3.166677e+000
2.600000000000002e-002	3.211232e+000
2.700000000000002e-002	3.244396e+000
2.800000000000002e-002	3.263892e+000
2.900000000000002e-002	3.264031e+000
3.000000000000002e-002	3.264084e+000
3.100000000000002e-002	3.264117e+000
3.200000000000002e-002	3.264142e+000
3.300000000000002e-002	3.264161e+000
3.400000000000002e-002	3.264177e+000
3.500000000000002e-002	3.264190e+000
3.600000000000003e-002	3.264202e+000
3.700000000000003e-002	3.264212e+000
3.800000000000003e-002	3.264222e+000
3.900000000000003e-002	3.264230e+000
4.000000000000003e-002	3.264238e+000
4.100000000000003e-002	3.264245e+000
4.200000000000003e-002	3.264252e+000
4.300000000000003e-002	3.264258e+000
4.400000000000003e-002	3.264264e+000
4.500000000000003e-002	3.264269e+000
4.600000000000003e-002	3.264274e+000
4.700000000000004e-002	3.264279e+000
4.800000000000004e-002	3.264284e+000
4.900000000000004e-002	3.264288e+000
5.000000000000000e-002	3.264292e+000
Step Information: Run=15  (Run: 15/20)
0.000000000000000e+000	-1.612284e-007
1.000000000000000e-003	1.330775e-001
2.000000000000000e-003	2.661553e-001
3.000000000000000e-003	3.992330e-001
4.000000000000000e-003	5.323107e-001
5.000000000000000e-003	6.653884e-001
6.000000000000000e-003	7.984661e-001
7.000000000000000e-003	9.315439e-001
8.000000000000000e-003	1.064622e+000
9.000000000000001e-003	1.197699e+000
1.000000000000000e-002	1.330777e+000
1.100000000000000e-002	1.463855e+000
1.200000000000000e-002	1.596932e+000
1.300000000000001e-002	1.730010e+000
1.400000000000001e-002	1.863088e+000
1.500000000000001e-002	1.996166e+000
1.600000000000001e-002	2.129243e+000
1.700000000000001e-002	2.262320e+000
1.800000000000001e-002	2.395392e+000
1.900000000000001e-002	2.528441e+000
2.000000000000001e-002	2.661360e+000
2.100000000000001e-002	2.793567e+000
2.200000000000001e-002	2.922138e+000
2.300000000000001e-002	3.036618e+000
2.400000000000001e-002	3.122374e+000
2.500000000000002e-002	3.180498e+000
2.600000000000002e-002	3.221360e+000
2.700000000000002e-002	3.252334e+000
2.800000000000002e-002	3.263957e+000
2.900000000000002e-002	3.264050e+000
3.000000000000002e-002	3.264096e+000
3.100000000000002e-002	3.264126e+000
3.200000000000002e-002	3.264149e+000
3.300000000000002e-002	3.264167e+000
3.400000000000002e-002	3.264182e+000
3.500000000000002e-002	3.264195e+000
3.600000000000003e-002	3.264206e+000
3.700000000000003e-002	3.264216e+000
3.800000000000003e-002	3.264225e+000
3.900000000000003e-002	3.264234e+000
4.000000000000003e-002	3.264241e+000
4.100000000000003e-002	3.264248e+000
4.200000000000003e-002	3.264255e+000
4.300000000000003e-002	3.264261e+000
4.400000000000003e-002	3.264266e+000
4.500000000000003e-002	3.264272e+000
4.600000000000003e-002	3.264277e+000
4.700000000000004e-002	3.264282e+000
4.800000000000004e-002	3.264286e+000
4.900000000000004e-002	3.264291e+000
5.000000000000000e-002	3.264295e+000
Step Information: Run=16  (Run: 16/20)
0.000000000000000e+000	-2.530772e-007
1.000000000000000e-003	1.339791e-001
2.000000000000000e-003	2.679584e-001
3.000000000000000e-003	4.019377e-001
4.000000000000000e-003	5.359170e-001
5.000000000000000e-003	6.698963e-001
6.000000000000000e-003	8.038756e-001
7.000000000000000e-003	9.378549e-001
8.000000000000000e-003	1.071834e+000
9.000000000000001e-003	1.205814e+000
1.000000000000000e-002	1.339793e+000
1.100000000000000e-002	1.473772e+000
1.200000000000000e-002	1.607752e+000
1.300000000000001e-002	1.741731e+000
1.400000000000001e-002	1.875710e+000
1.500000000000001e-002	2.009690e+000
1.600000000000001e-002	2.143669e+000
1.700000000000001e-002	2.277647e+000
1.800000000000001e-002	2.411620e+000
1.900000000000001e-002	2.545563e+000
2.000000000000001e-002	2.679341e+000
2.100000000000001e-002	2.812207e+000
2.200000000000001e-002	2.940467e+000
2.300000000000001e-002	3.052008e+000
2.400000000000001e-002	3.133292e+000
2.500000000000002e-002	3.188172e+000
2.600000000000002e-002	3.227153e+000
2.700000000000002e-002	3.257003e+000
2.800000000000002e-002	3.263982e+000
2.900000000000002e-002	3.264060e+000
3.000000000000002e-002	3.264102e+000
3.100000000000002e-002	3.264131e+000
3.200000000000002e-002	3.264152e+000
3.300000000000002e-002	3.264169e+000
3.400000000000002e-002	3.264184e+000
3.500000000000002e-002	3.264197e+000
3.600000000000003e-002	3.264208e+000
3.700000000000003e-002	3.264218e+000
3.800000000000003e-002	3.264227e+000
3.900000000000003e-002	3.264235e+000
4.000000000000003e-002	3.264242e+000
4.100000000000003e-002	3.264249e+000
4.200000000000003e-002	3.264256e+000
4.300000000000003e-002	3.264262e+000
4.400000000000003e-002	3.264267e+000
4.500000000000003e-002	3.264273e+000
4.600000000000003e-002	3.264278e+000
4.700000000000004e-002	3.264282e+000
4.800000000000004e-002	3.264287e+000
4.900000000000004e-002	3.264291e+000
5.000000000000000e-002	3.264296e+000
Step Information: Run=17  (Run: 17/20)
0.000000000000000e+000	2.431807e-008
1.000000000000000e-003	1.315811e-001
2.000000000000000e-003	2.631621e-001
3.000000000000000e-003	3.947431e-001
4.000000000000000e-003	5.263242e-001
5.000000000000000e-003	6.579052e-001
6.000000000000000e-003	7.894863e-001
7.000000000000000e-003	9.210673e-001
8.000000000000000e-003	1.052648e+000
9.000000000000001e-003	1.184229e+000
1.000000000000000e-002	1.315810e+000
1.100000000000000e-002	1.447392e+000
1.200000000000000e-002	1.578972e+000
1.300000000000001e-002	1.710554e+000
1.400000000000001e-002	1.842135e+000
1.500000000000001e-002	1.973716e+000
1.600000000000001e-002	2.105297e+000
1.700000000000001e-002	2.236877e+000
1.800000000000001e-002	2.368454e+000
1.900000000000001e-002	2.500016e+000
2.000000000000001e-002	2.631490e+000
2.100000000000001e-002	2.762496e+000
2.200000000000001e-002	2.891088e+000
2.300000000000001e-002	3.009463e+000
2.400000000000001e-002	3.102685e+000
2.500000000000002e-002	3.166858e+000
2.600000000000002e-002	3.211324e+000
2.700000000000002e-002	3.244433e+000
2.800000000000002e-002	3.263892e+000
2.900000000000002e-002	3.264031e+000
3.000000000000002e-002	3.264084e+000
3.100000000000002e-002	3.264117e+000
3.200000000000002e-002	3.264142e+000
3.300000000000002e-002	3.264161e+000
3.400000000000002e-002	3.264177e+000
3.500000000000002e-002	3.264190e+000
3.600000000000003e-002	3.264202e+000
3.700000000000003e-002	3.264212e+000
3.800000000000003e-002	3.264222e+000
3.900000000000003e-002	3.264230e+000
4.000000000000003e-002	3.264238e+000
4.100000000000003e-002	3.264245e+000
4.200000000000003e-002	3.264252e+000
4.300000000000003e-002	3.264258e+000
4.400000000000003e-002	3.264264e+000
4.500000000000003e-002	3.264269e+000
4.600000000000003e-002	3.264274e+000
4.700000000000004e-002	3.264279e+000
4.800000000000004e-002	3.264284e+000
4.900000000000004e-002	3.264288e+000
5.000000000000000e-002	3.264292e+000
Step Information: Run=18  (Run: 18/20)
0.000000000000000e+000	-4.518480e-008
1.000000000000000e-003	1.315261e-001
2.000000000000000e-003	2.630523e-001
3.000000000000000e-003	3.945784e-001
4.000000000000000e-003	5.261046e-001
5.000000000000000e-003	6.576307e-001
6.000000000000000e-003	7.891569e-001
7.000000000000000e-003	9.206830e-001
8.000000000000000e-003	1.052209e+000
9.000000000000001e-003	1.183735e+000
1.000000000000000e-002	1.315261e+000
1.100000000000000e-002	1.446788e+000
1.200000000000000e-002	1.578314e+000
1.300000000000001e-002	1.709840e+000
1.400000000000001e-002	1.841366e+000
1.500000000000001e-002	1.972892e+000
1.600000000000001e-002	2.104418e+000
1.700000000000001e-002	2.235944e+000
1.800000000000001e-002	2.367466e+000
1.900000000000001e-002	2.498973e+000
2.000000000000001e-002	2.630393e+000
2.100000000000001e-002	2.761345e+000
2.200000000000001e-002	2.889893e+000
2.300000000000001e-002	3.008260e+000
2.400000000000001e-002	3.101521e+000
2.500000000000002e-002	3.165727e+000
2.600000000000002e-002	3.210199e+000
2.700000000000002e-002	3.243293e+000
2.800000000000002e-002	3.263875e+000
2.900000000000002e-002	3.264028e+000
3.000000000000002e-002	3.264082e+000
3.100000000000002e-002	3.264116e+000
3.200000000000002e-002	3.264141e+000
3.300000000000002e-002	3.264160e+000
3.400000000000002e-002	3.264176e+000
3.500000000000002e-002	3.264189e+000
3.600000000000003e-002	3.264201e+000
3.700000000000003e-002	3.264212e+000
3.800000000000003e-002	3.264221e+000
3.900000000000003e-002	3.264230e+000
4.000000000000003e-002	3.264238e+000
4.100000000000003e-002	3.264245e+000
4.200000000000003e-002	3.264251e+000
4.300000000000003e-002	3.264258e+000
4.400000000000003e-002	3.264264e+000
4.500000000000003e-002	3.264269e+000
4.600000000000003e-002	3.264274e+000
4.700000000000004e-002	3.264279e+000
4.800000000000004e-002	3.264284e+000
4.900000000000004e-002	3.264288e+000
5.000000000000000e-002	3.264292e+000
Step Information: Run=19  (Run: 19/20)
0.000000000000000e+000	-2.632835e-008
1.000000000000000e-003	1.325296e-001
2.000000000000000e-003	2.650591e-001
3.000000000000000e-003	3.975888e-001
4.000000000000000e-003	5.301183e-001
5.000000000000000e-003	6.626480e-001
6.000000000000000e-003	7.951775e-001
7.000000000000000e-003	9.277071e-001
8.000000000000000e-003	1.060237e+000
9.000000000000001e-003	1.192766e+000
1.000000000000000e-002	1.325296e+000
1.100000000000000e-002	1.457826e+000
1.200000000000000e-002	1.590355e+000
1.300000000000001e-002	1.722885e+000
1.400000000000001e-002	1.855414e+000
1.500000000000001e-002	1.987944e+000
1.600000000000001e-002	2.120473e+000
1.700000000000001e-002	2.253002e+000
1.800000000000001e-002	2.385527e+000
1.900000000000001e-002	2.518032e+000
2.000000000000001e-002	2.650424e+000
2.100000000000001e-002	2.782205e+000
2.200000000000001e-002	2.910853e+000
2.300000000000001e-002	3.026904e+000
2.400000000000001e-002	3.115411e+000
2.500000000000002e-002	3.175657e+000
2.600000000000002e-002	3.217767e+000
2.700000000000002e-002	3.249483e+000
2.800000000000002e-002	3.263937e+000
2.900000000000002e-002	3.264043e+000
3.000000000000002e-002	3.264091e+000
3.100000000000002e-002	3.264122e+000
3.200000000000002e-002	3.264146e+000
3.300000000000002e-002	3.264164e+000
3.400000000000002e-002	3.264179e+000
3.500000000000002e-002	3.264193e+000
3.600000000000003e-002	3.264204e+000
3.700000000000003e-002	3.264214e+000
3.800000000000003e-002	3.264224e+000
3.900000000000003e-002	3.264232e+000
4.000000000000003e-002	3.264240e+000
4.100000000000003e-002	3.264247e+000
4.200000000000003e-002	3.264253e+000
4.300000000000003e-002	3.264259e+000
4.400000000000003e-002	3.264265e+000
4.500000000000003e-002	3.264270e+000
4.600000000000003e-002	3.264276e+000
4.700000000000004e-002	3.264280e+000
4.800000000000004e-002	3.264285e+000
4.900000000000004e-002	3.264289e+000
5.000000000000000e-002	3.264293e+000
Step Information: Run=20  (Run: 20/20)
0.000000000000000e+000	-1.570644e-007
1.000000000000000e-003	1.334344e-001
2.000000000000000e-003	2.668690e-001
3.000000000000000e-003	4.003036e-001
4.000000000000000e-003	5.337381e-001
5.000000000000000e-003	6.671727e-001
6.000000000000000e-003	8.006073e-001
7.000000000000000e-003	9.340419e-001
8.000000000000000e-003	1.067477e+000
9.000000000000001e-003	1.200911e+000
1.000000000000000e-002	1.334346e+000
1.100000000000000e-002	1.467780e+000
1.200000000000000e-002	1.601215e+000
1.300000000000001e-002	1.734649e+000
1.400000000000001e-002	1.868084e+000
1.500000000000001e-002	2.001518e+000
1.600000000000001e-002	2.134953e+000
1.700000000000001e-002	2.268387e+000
1.800000000000001e-002	2.401815e+000
1.900000000000001e-002	2.535219e+000
2.000000000000001e-002	2.668480e+000
2.100000000000001e-002	2.800963e+000
2.200000000000001e-002	2.929480e+000
2.300000000000001e-002	3.042966e+000
2.400000000000001e-002	3.127106e+000
2.500000000000002e-002	3.184036e+000
2.600000000000002e-002	3.224215e+000
2.700000000000002e-002	3.254794e+000
2.800000000000002e-002	3.263971e+000
2.900000000000002e-002	3.264055e+000
3.000000000000002e-002	3.264099e+000
3.100000000000002e-002	3.264128e+000
3.200000000000002e-002	3.264151e+000
3.300000000000002e-002	3.264168e+000
3.400000000000002e-002	3.264183e+000
3.500000000000002e-002	3.264196e+000
3.600000000000003e-002	3.264207e+000
3.700000000000003e-002	3.264217e+000
3.800000000000003e-002	3.264226e+000
3.900000000000003e-002	3.264235e+000
4.000000000000003e-002	3.264242e+000
4.100000000000003e-002	3.264249e+000
4.200000000000003e-002	3.264255e+000
4.300000000000003e-002	3.264261e+000
4.400000000000003e-002	3.264267e+000
4.500000000000003e-002	3.264272e+000
4.600000000000003e-002	3.264277e+000
4.700000000000004e-002	3.264282e+000
4.800000000000004e-002	3.264287e+000
4.900000000000004e-002	3.264291e+000
5.000000000000000e-002	3.264295e+000
